332
288
282
231
252
281
225
252
58
300
231
128
159
203
275
49
152
329
366
234
178
109
281
311
113
186
205
157
266
156
394
214
131
340
173
82
187
194
304
109
93
149
221
268
386
249
217
373
372
374
181
95
219
199
332
253
171
119
198
100
179
289
368
259
201
231
216
341
87
205
151
42
332
279
147
282
137
186
139
349
255
136
275
323
328
242
11
397
332
43
278
399
155
188
65
222
342
350
263
158
148
100
315
423
249
159
33
256
367
207
251
263
232
260
139
354
181
324
218
231
334
346
211
132
169
115
139
184
107
94
177
234
105
138
246
305
322
313
258
141
322
130
183
204
340
169
252
268
118
231
32
221
247
401
22
265
157
161
386
169
326
378
305
259
47
245
294
330
273
65
252
99
151
334
242
269
199
74
399
226
305
197
347
322
255
101
239
137
347
186
408
163
341
52
179
184
152
228
255
195
225
255
45
180
294
169
229
207
257
113
189
305
227
301
211
226
196
203
306
79
137
308
228
201
25
88
211
168
151
202
297
203
285
80
